%YAML:1.0
calibration_time: "02/26/15 11:32:48"
nframes: 8
image_width: 1282
image_height: 1014
board_width: 6
board_height: 8
square_size: 1.
flags: 0
camera_matrix: !!opencv-matrix
   rows: 3
   cols: 3
   dt: d
   data: [ 2.0529114902590052e+004, 0., 6.3928941571612074e+002, 0.,
       2.5657205522615815e+004, 5.1836001554552104e+002, 0., 0., 1. ]
distortion_coefficients: !!opencv-matrix
   rows: 5
   cols: 1
   dt: d
   data: [ 7.2914041963856420e+000, 2.0979596618049214e+000,
       -2.3690347009888141e-001, 5.1098820884635382e-002,
       1.4682521220954941e-003 ]
avg_reprojection_error: 1.3427491307971122e+000
per_view_reprojection_errors: !!opencv-matrix
   rows: 8
   cols: 1
   dt: f
   data: [ 9.99462068e-001, 1.52413440e+000, 2.44485450e+000,
       1.00561178e+000, 8.41313303e-001, 1.15927219e+000,
       1.00651515e+000, 1.02397776e+000 ]
extrinsic_parameters: !!opencv-matrix
   rows: 8
   cols: 6
   dt: d
   data: [ -9.6779189512774944e-001, -2.3048089823520045e-002,
       -6.3903800745607926e-003, -2.3984433328107158e+000,
       -1.7502015712669619e+000, 1.9445131934340483e+002,
       -7.0158852865179711e-001, -1.5784846017652773e-001,
       -1.9288072112765139e-001, -2.3102002311171250e+000,
       -2.4827749898833233e+000, 2.2169988713970065e+002,
       -5.2223265737242530e-001, -8.3258522512295385e-001,
       -1.1267568535903267e+000, -3.0446497075402172e+000,
       -2.2657210116153634e-001, 2.2612092146510344e+002,
       -8.7377395111355527e-001, -3.5390214165971712e-001,
       -4.1867170430076561e-001, -2.7055796453982413e+000,
       -1.3931594170110928e+000, 2.1915246319544164e+002,
       -8.3848817742496840e-001, -4.4223763581490411e-002,
       -2.4961171987354239e-001, -2.5125555391770211e+000,
       -2.1323446466989888e+000, 2.2304268594215108e+002,
       -1.0870806668921524e+000, -1.8506592002507805e-001,
       -2.2552079314179937e-001, -1.4185230101349089e+000,
       -1.8212755345507954e+000, 2.2291919314625582e+002,
       -9.7626448677769262e-001, -5.9266167405135040e-001,
       -1.1972486321603371e+000, -3.2319102172328518e+000,
       2.2787380950621321e+000, 2.1376443594517946e+002,
       -7.5618875091640159e-001, 5.6346889798228683e-001,
       1.1767093783856590e+000, 2.9815941172003551e+000,
       -1.8514908910933034e+000, 2.1191257287647460e+002 ]
image_points: !!opencv-matrix
   rows: 8
   cols: 48
   dt: "2f"
   data: [ 3.85478821e+002, 2.85044556e+002, 4.90723907e+002,
       2.86730225e+002, 5.95630981e+002, 2.87943665e+002,
       7.03706604e+002, 2.88033051e+002, 8.10106934e+002,
       2.87401184e+002, 9.16842834e+002, 2.87413635e+002,
       3.86557434e+002, 3.59382141e+002, 4.91885620e+002,
       3.60402344e+002, 5.97588562e+002, 3.61754242e+002,
       7.05394775e+002, 3.62332031e+002, 8.11099609e+002,
       3.63334229e+002, 9.17906799e+002, 3.63129059e+002,
       3.87694000e+002, 4.35092621e+002, 4.93546570e+002,
       4.36742523e+002, 5.99185120e+002, 4.37544922e+002,
       7.07533508e+002, 4.38112793e+002, 8.13443542e+002,
       4.38519531e+002, 9.20788696e+002, 4.38993652e+002,
       3.88611603e+002, 5.10829224e+002, 4.94466949e+002,
       5.11631378e+002, 6.01039734e+002, 5.12169739e+002,
       7.09364075e+002, 5.14473206e+002, 8.15675110e+002,
       5.14752197e+002, 9.23088440e+002, 5.15218262e+002,
       3.89538727e+002, 5.87187378e+002, 4.95917694e+002,
       5.87494202e+002, 6.02279175e+002, 5.88337219e+002,
       7.11376648e+002, 5.88915649e+002, 8.17762878e+002,
       5.89717651e+002, 9.25916321e+002, 5.89939087e+002,
       3.90605865e+002, 6.64121216e+002, 4.97127655e+002,
       6.64061340e+002, 6.04063232e+002, 6.63933228e+002,
       7.13254700e+002, 6.65668274e+002, 8.20485718e+002,
       6.65428345e+002, 9.28288330e+002, 6.67422424e+002,
       3.91301819e+002, 7.41203186e+002, 4.98392700e+002,
       7.41523865e+002, 6.05515564e+002, 7.41616577e+002,
       7.15554077e+002, 7.41296509e+002, 8.22455200e+002,
       7.41886353e+002, 9.30867981e+002, 7.44336731e+002,
       3.92385101e+002, 8.19308350e+002, 4.99679443e+002,
       8.18947449e+002, 6.07193726e+002, 8.18629211e+002,
       7.17241760e+002, 8.19552002e+002, 8.24848022e+002,
       8.19131165e+002, 9.33791260e+002, 8.21638916e+002,
       4.25535736e+002, 2.26586960e+002, 5.15407593e+002,
       2.12410217e+002, 6.04758667e+002, 1.98567795e+002,
       6.96732300e+002, 1.84135422e+002, 7.87465942e+002,
       1.69603836e+002, 8.78164978e+002, 1.55240524e+002,
       4.45726563e+002, 3.14442535e+002, 5.35330566e+002,
       3.00218445e+002, 6.25378601e+002, 2.86220856e+002,
       7.16910950e+002, 2.71487122e+002, 8.06683411e+002,
       2.58345184e+002, 8.97514221e+002, 2.43366302e+002,
       4.66621063e+002, 4.03349884e+002, 5.56619568e+002,
       3.89456238e+002, 6.46389771e+002, 3.75096497e+002,
       7.38258423e+002, 3.60261841e+002, 8.27920654e+002,
       3.45973755e+002, 9.18878235e+002, 3.31647614e+002,
       4.87646423e+002, 4.91443481e+002, 5.77253662e+002,
       4.77008911e+002, 6.67323425e+002, 4.61881378e+002,
       7.59427673e+002, 4.49008148e+002, 8.49577820e+002,
       4.34427582e+002, 9.40160095e+002, 4.20003998e+002,
       5.08609314e+002, 5.79052185e+002, 5.98705872e+002,
       5.64229370e+002, 6.88841431e+002, 5.49714111e+002,
       7.81001831e+002, 5.34913940e+002, 8.70844238e+002,
       5.20571350e+002, 9.61812378e+002, 5.05584808e+002,
       5.30060852e+002, 6.66070740e+002, 6.20227356e+002,
       6.51052368e+002, 7.10680420e+002, 6.35971497e+002,
       8.03241272e+002, 6.22170837e+002, 8.93518860e+002,
       6.06985657e+002, 9.84264709e+002, 5.92891052e+002,
       5.51454956e+002, 7.53024658e+002, 6.42139771e+002,
       7.38113220e+002, 7.32669617e+002, 7.22859009e+002,
       8.25524963e+002, 7.07272400e+002, 9.15420959e+002,
       6.92450684e+002, 1.00653809e+003, 6.78586182e+002,
       5.73746643e+002, 8.40187378e+002, 6.64062439e+002,
       8.24421936e+002, 7.54688904e+002, 8.09275696e+002,
       8.48056274e+002, 7.94705261e+002, 9.38695984e+002,
       7.79195618e+002, 1.03004639e+003, 7.65052734e+002,
       3.66306732e+002, 4.87618103e+002, 3.83348602e+002,
       4.23901337e+002, 4.00405243e+002, 3.60548981e+002,
       4.18020355e+002, 2.95616028e+002, 4.35387451e+002,
       2.31791336e+002, 4.53370148e+002, 1.67860062e+002,
       4.47938141e+002, 5.31365967e+002, 4.64838379e+002,
       4.67521667e+002, 4.81835632e+002, 4.03945648e+002,
       4.98832001e+002, 3.38822632e+002, 5.16826233e+002,
       2.76626038e+002, 5.34535095e+002, 2.12490448e+002,
       5.31853455e+002, 5.74919006e+002, 5.48716248e+002,
       5.11073883e+002, 5.65459717e+002, 4.47063751e+002,
       5.82591858e+002, 3.81983002e+002, 5.99491150e+002,
       3.18818665e+002, 6.16459167e+002, 2.54869583e+002,
       6.15583435e+002, 6.17100830e+002, 6.32309570e+002,
       5.53028259e+002, 6.48494690e+002, 4.88634552e+002,
       6.66719177e+002, 4.24241882e+002, 6.83309875e+002,
       3.60719635e+002, 6.99950806e+002, 2.96962769e+002,
       6.99951111e+002, 6.58616211e+002, 7.16368225e+002,
       5.93556396e+002, 7.32938354e+002, 5.29407104e+002,
       7.49850037e+002, 4.63906891e+002, 7.66178772e+002,
       4.00513519e+002, 7.82474854e+002, 3.36566803e+002,
       7.84505554e+002, 6.98481201e+002, 8.01035767e+002,
       6.33659912e+002, 8.17409790e+002, 5.68738098e+002,
       8.35493652e+002, 5.03451904e+002, 8.51750000e+002,
       4.38920868e+002, 8.67626465e+002, 3.75998962e+002,
       8.69536072e+002, 7.38014404e+002, 8.86170776e+002,
       6.72785339e+002, 9.02676819e+002, 6.07788513e+002,
       9.19571899e+002, 5.41088501e+002, 9.35718811e+002,
       4.77506470e+002, 9.51263977e+002, 4.14046600e+002,
       9.55991394e+002, 7.76827332e+002, 9.71825806e+002,
       7.11218384e+002, 9.88454529e+002, 6.46049683e+002,
       1.00616223e+003, 5.79719727e+002, 1.02223932e+003,
       5.14935791e+002, 1.03766504e+003, 4.51459045e+002,
