%YAML:1.0
calibration_time: "02/17/15 11:04:21"
nframes: 6
image_width: 1201
image_height: 857
board_width: 6
board_height: 8
square_size: 1.
flags: 0
camera_matrix: !!opencv-matrix
   rows: 3
   cols: 3
   dt: d
   data: [ 2.4545189650269949e+004, 0., 5.9984361934989965e+002, 0.,
       2.3108942427361038e+004, 4.3343429858721311e+002, 0., 0., 1. ]
distortion_coefficients: !!opencv-matrix
   rows: 5
   cols: 1
   dt: d
   data: [ -3.6959010105603016e+000, -3.9648355941587839e-002,
       -3.4782614407716635e-002, -1.7779302883872215e-002,
       -1.7617422716752184e-005 ]
avg_reprojection_error: 1.0692230153004305e+000
per_view_reprojection_errors: !!opencv-matrix
   rows: 6
   cols: 1
   dt: f
   data: [ 1.17123342e+000, 9.30900514e-001, 1.15600502e+000,
       1.06430042e+000, 1.03191769e+000, 1.04265356e+000 ]
# a set of 6-tuples (rotation vector + translation vector) for each view
extrinsic_parameters: !!opencv-matrix
   rows: 6
   cols: 6
   dt: d
   data: [ -8.0896367919825785e-001, -6.0998690141868886e-002,
       -2.6844549270595600e-002, -2.2427016120961696e+000,
       -2.8229239623047477e+000, 2.2453636669117711e+002,
       -7.8092643509775839e-001, -2.6009325876310972e-002,
       1.5987205382843570e-002, -2.3546452864541689e+000,
       -2.8498514630931711e+000, 2.1841944527598790e+002,
       -5.8726054588792076e-001, -1.0782442659057728e-001,
       1.8081885760070193e-002, -2.2105547637952760e+000,
       -3.0628985666426636e+000, 2.3496484506562442e+002,
       -5.3856660379140553e-001, -4.7474397443868754e-001,
       -1.1987060348722847e+000, -4.0280095307759964e+000,
       8.8548505745657435e-001, 2.3699298497888037e+002,
       -3.7415552329081025e-001, -4.3417076490940643e-001,
       -1.3156894313724981e+000, -4.0247495481173727e+000,
       1.2673962108629206e+000, 2.3139476739219009e+002,
       -5.2199493567226618e-001, -1.7401065505116997e-002,
       -2.8493536752627870e-002, -3.8770149329155772e+000,
       -3.0464264582719225e+000, 2.3853218064804764e+002 ]
image_points: !!opencv-matrix
   rows: 6
   cols: 48
   dt: "2f"
   data: [ 3.54085236e+002, 1.40050735e+002, 4.63600525e+002,
       1.40602631e+002, 5.72228699e+002, 1.40773651e+002,
       6.83270142e+002, 1.42499771e+002, 7.90774597e+002,
       1.42891052e+002, 8.99025635e+002, 1.42966385e+002,
       3.58823120e+002, 2.12847351e+002, 4.68973389e+002,
       2.12735687e+002, 5.77505127e+002, 2.12688553e+002,
       6.88236816e+002, 2.12720459e+002, 7.96796265e+002,
       2.13306595e+002, 9.05535461e+002, 2.13580017e+002,
       3.63550140e+002, 2.84715942e+002, 4.73363068e+002,
       2.84104218e+002, 5.82189636e+002, 2.83256805e+002,
       6.93643799e+002, 2.84515839e+002, 8.02815491e+002,
       2.84537170e+002, 9.10630615e+002, 2.84433685e+002,
       3.67822113e+002, 3.57430756e+002, 4.78114716e+002,
       3.56707825e+002, 5.87467773e+002, 3.55705475e+002,
       6.98827881e+002, 3.55116882e+002, 8.07807068e+002,
       3.55188843e+002, 9.17204712e+002, 3.54962952e+002,
       3.72014008e+002, 4.27672974e+002, 4.83180084e+002,
       4.27279236e+002, 5.93143616e+002, 4.27253326e+002,
       7.04270813e+002, 4.27590546e+002, 8.14444763e+002,
       4.27109344e+002, 9.23352051e+002, 4.26549896e+002,
       3.77035950e+002, 4.99743835e+002, 4.88201385e+002,
       5.00083588e+002, 5.97564087e+002, 4.99582794e+002,
       7.10511230e+002, 4.99491943e+002, 8.19443970e+002,
       4.98757172e+002, 9.29582092e+002, 4.97916718e+002,
       3.82322144e+002, 5.71031128e+002, 4.93175110e+002,
       5.71643311e+002, 6.03704163e+002, 5.72551025e+002,
       7.15421021e+002, 5.71710754e+002, 8.26241211e+002,
       5.71595215e+002, 9.36730164e+002, 5.70476440e+002,
       3.85193726e+002, 6.42666687e+002, 4.97216705e+002,
       6.43172363e+002, 6.08649475e+002, 6.43062378e+002,
       7.22067505e+002, 6.42773560e+002, 8.32536621e+002,
       6.42262634e+002, 9.42404785e+002, 6.41828491e+002,
       3.34745056e+002, 1.29440338e+002, 4.47225555e+002,
       1.33325546e+002, 5.59335205e+002, 1.36305649e+002,
       6.73167114e+002, 1.40072632e+002, 7.84976379e+002,
       1.43368561e+002, 8.96014343e+002, 1.46198547e+002,
       3.33919067e+002, 2.05996826e+002, 4.46496246e+002,
       2.08269547e+002, 5.58503784e+002, 2.11296112e+002,
       6.72927368e+002, 2.13987167e+002, 7.84944458e+002,
       2.17490555e+002, 8.96267944e+002, 2.20468552e+002,
       3.32674927e+002, 2.80716553e+002, 4.45204773e+002,
       2.83217804e+002, 5.58127136e+002, 2.85348694e+002,
       6.72094727e+002, 2.89086029e+002, 7.84841858e+002,
       2.91339539e+002, 8.96446838e+002, 2.94151672e+002,
       3.30938019e+002, 3.57798523e+002, 4.44395599e+002,
       3.59496124e+002, 5.57292480e+002, 3.61804169e+002,
       6.71994263e+002, 3.63599426e+002, 7.84717285e+002,
       3.66434601e+002, 8.96758240e+002, 3.69022583e+002,
       3.29733246e+002, 4.32500885e+002, 4.43212128e+002,
       4.34714020e+002, 5.57006897e+002, 4.37255157e+002,
       6.71409851e+002, 4.40292419e+002, 7.85024597e+002,
       4.42235260e+002, 8.97326416e+002, 4.43804169e+002,
       3.28199860e+002, 5.09285980e+002, 4.42167877e+002,
       5.11547058e+002, 5.55960571e+002, 5.14242371e+002,
       6.71331177e+002, 5.16491882e+002, 7.84829834e+002,
       5.18527466e+002, 8.97644104e+002, 5.20605469e+002,
       3.27123138e+002, 5.85743225e+002, 4.41589722e+002,
       5.88807007e+002, 5.55696899e+002, 5.91998596e+002,
       6.71096863e+002, 5.94178711e+002, 7.85151367e+002,
       5.96102356e+002, 8.98246643e+002, 5.97913391e+002,
       3.24319336e+002, 6.62498718e+002, 4.39849762e+002,
       6.65622437e+002, 5.54796509e+002, 6.68225098e+002,
       6.71242615e+002, 6.70203857e+002, 7.85030518e+002,
       6.72397949e+002, 8.98907288e+002, 6.73948120e+002,
       3.68863953e+002, 1.30515182e+002, 4.72961823e+002,
       1.36223694e+002, 5.75651978e+002, 1.41452530e+002,
       6.81122314e+002, 1.47841782e+002, 7.83949036e+002,
       1.53695587e+002, 8.87067139e+002, 1.58967697e+002,
       3.70233124e+002, 2.13103241e+002, 4.74450409e+002,
       2.17802063e+002, 5.77257629e+002, 2.22636520e+002,
       6.82956360e+002, 2.27779373e+002, 7.85690125e+002,
       2.33209473e+002, 8.88763428e+002, 2.38871445e+002,
       3.70930298e+002, 2.94809937e+002, 4.75418121e+002,
       2.99120850e+002, 5.78768982e+002, 3.03128448e+002,
       6.84445007e+002, 3.09325287e+002, 7.87646973e+002,
       3.14176910e+002, 8.90461914e+002, 3.19028809e+002,
       3.71581055e+002, 3.78274292e+002, 4.76538818e+002,
       3.82225006e+002, 5.80317688e+002, 3.86074463e+002,
       6.86307068e+002, 3.90575378e+002, 7.89591736e+002,
       3.95583557e+002, 8.92771667e+002, 4.00325256e+002,
       3.72480133e+002, 4.59559479e+002, 4.77414368e+002,
       4.63717224e+002, 5.81579956e+002, 4.68239716e+002,
       6.87659607e+002, 4.74035797e+002, 7.91745605e+002,
       4.78173218e+002, 8.94886414e+002, 4.82082642e+002,
       3.73197754e+002, 5.43245300e+002, 4.78733246e+002,
       5.47735901e+002, 5.82592773e+002, 5.52301880e+002,
       6.89379639e+002, 5.56624939e+002, 7.93268799e+002,
       5.60605713e+002, 8.97262390e+002, 5.64797791e+002,
       3.74540833e+002, 6.26904297e+002, 4.79852020e+002,
       6.31523804e+002, 5.84404968e+002, 6.36626709e+002,
       6.91119934e+002, 6.40948669e+002, 7.95558838e+002,
       6.45094299e+002, 8.99689453e+002, 6.48556885e+002,
       3.73977783e+002, 7.10431274e+002, 4.80155579e+002,
       7.15108582e+002, 5.85671021e+002, 7.19278870e+002,
       6.93138062e+002, 7.23174622e+002, 7.97362732e+002,
       7.27016541e+002, 9.02353882e+002, 7.31473816e+002,
       1.83268723e+002, 5.17820007e+002, 2.14725311e+002,
       4.46105896e+002, 2.45239700e+002, 3.75708069e+002,
       2.77565338e+002, 3.04321503e+002, 3.08132477e+002,
